id;name
1;Ergonomic Frozen
2;Unbranded Cotton Pizza Buckinghamshire
3;Markets salmon
4;aggregate
5;Strategist quantify
6;scalable
7;Executive Soap
8;pixel
9;SAS
10;purple SCSI
